.A.
1
pessoa_saudavel
0
40
0
0
-1
-1
-1
-1
-1
-16777216
-16777216
-16777216
-16777216
-16777216
-16777216
-1
-1
-1
-1
-1
-1
-1
-1
-16777216
-16777216
-256
-256
-256
-256
-256
-256
-16777216
-16777216
-1
-1
-1
-1
-1
-16777216
-256
-256
-256
-256
-256
-256
-256
-256
-256
-256
-16777216
-1
-1
-1
-16777216
-256
-256
-256
-256
-256
-256
-256
-256
-256
-256
-256
-256
-16777216
-1
-1
-16777216
-256
-256
-256
-256
-256
-256
-256
-256
-256
-256
-256
-256
-16777216
-1
-16777216
-256
-256
-256
-256
-16777216
-256
-256
-256
-256
-16777216
-256
-256
-256
-256
-16777216
-16777216
-256
-256
-256
-16777216
-256
-16777216
-256
-256
-16777216
-256
-16777216
-256
-256
-256
-16777216
-16777216
-256
-256
-256
-256
-256
-256
-256
-256
-256
-256
-256
-256
-256
-256
-16777216
-16777216
-256
-256
-256
-256
-256
-256
-256
-256
-256
-256
-256
-256
-256
-256
-16777216
-16777216
-256
-256
-256
-16777216
-256
-256
-256
-256
-256
-256
-16777216
-256
-256
-256
-16777216
-16777216
-256
-256
-256
-256
-16777216
-256
-256
-256
-256
-16777216
-256
-256
-256
-256
-16777216
-1
-16777216
-256
-256
-256
-256
-16777216
-16777216
-16777216
-16777216
-256
-256
-256
-256
-16777216
-1
-1
-16777216
-256
-256
-256
-256
-256
-256
-256
-256
-256
-256
-256
-256
-16777216
-1
-1
-1
-16777216
-256
-256
-256
-256
-256
-256
-256
-256
-256
-256
-16777216
-1
-1
-1
-1
-1
-16777216
-16777216
-256
-256
-256
-256
-256
-256
-16777216
-16777216
-1
-1
-1
-1
-1
-1
-1
-1
-16777216
-16777216
-16777216
-16777216
-16777216
-16777216
-1
-1
-1
-1
-1

.A.
2
pessoa_baixa_imunidade
0
0
0
0
-1
-1
-1
-1
-1
-16777216
-16777216
-16777216
-16777216
-16777216
-16777216
-1
-1
-1
-1
-1
-1
-1
-1
-16777216
-16777216
-16711681
-16711681
-16711681
-16711681
-16711681
-16711681
-16777216
-16777216
-1
-1
-1
-1
-1
-16777216
-16711681
-16711681
-16711681
-16711681
-16711681
-16711681
-16711681
-16711681
-16711681
-16711681
-16777216
-1
-1
-1
-16777216
-16711681
-16711681
-16711681
-16711681
-16711681
-16711681
-16711681
-16711681
-16711681
-16711681
-16711681
-16711681
-16777216
-1
-1
-16777216
-16711681
-16711681
-16711681
-16711681
-16711681
-16711681
-16711681
-16711681
-16711681
-16711681
-16711681
-16711681
-16777216
-1
-16777216
-16711681
-16711681
-16711681
-16711681
-16777216
-16711681
-16711681
-16711681
-16711681
-16777216
-16711681
-16711681
-16711681
-16711681
-16777216
-16777216
-16711681
-16711681
-16711681
-16777216
-16711681
-16777216
-16711681
-16711681
-16777216
-16711681
-16777216
-16711681
-16711681
-16711681
-16777216
-16777216
-16711681
-16711681
-16711681
-16711681
-16711681
-16711681
-16711681
-16711681
-16711681
-16711681
-16711681
-16711681
-16711681
-16711681
-16777216
-16777216
-16711681
-16711681
-16711681
-16711681
-16711681
-16711681
-16711681
-16711681
-16711681
-16711681
-16711681
-16711681
-16711681
-16711681
-16777216
-16777216
-16711681
-16711681
-16711681
-16777216
-16711681
-16711681
-16711681
-16711681
-16711681
-16711681
-16777216
-16711681
-16711681
-16711681
-16777216
-16777216
-16711681
-16711681
-16711681
-16711681
-16777216
-16711681
-16711681
-16711681
-16711681
-16777216
-16711681
-16711681
-16711681
-16711681
-16777216
-1
-16777216
-16711681
-16711681
-16711681
-16711681
-16777216
-16777216
-16777216
-16777216
-16711681
-16711681
-16711681
-16711681
-16777216
-1
-1
-16777216
-16711681
-16711681
-16711681
-16711681
-16711681
-16711681
-16711681
-16711681
-16711681
-16711681
-16711681
-16711681
-16777216
-1
-1
-1
-16777216
-16711681
-16711681
-16711681
-16711681
-16711681
-16711681
-16711681
-16711681
-16711681
-16711681
-16777216
-1
-1
-1
-1
-1
-16777216
-16777216
-16711681
-16711681
-16711681
-16711681
-16711681
-16711681
-16777216
-16777216
-1
-1
-1
-1
-1
-1
-1
-1
-16777216
-16777216
-16777216
-16777216
-16777216
-16777216
-1
-1
-1
-1
-1

.A.
3
medico
0
1
0
0
-1
-1
-1
-1
-1
-16777216
-16777216
-16777216
-16777216
-16777216
-16777216
-1
-1
-1
-1
-1
-1
-1
-1
-16777216
-16777216
-1
-1
-1
-1
-1
-1
-16777216
-16777216
-1
-1
-1
-1
-1
-16777216
-1
-1
-1
-1
-8355712
-8355712
-1
-1
-1
-1
-16777216
-1
-1
-1
-16777216
-8355712
-8355712
-8355712
-8355712
-8355712
-8355712
-8355712
-8355712
-8355712
-8355712
-8355712
-1
-16777216
-1
-1
-16777216
-8355712
-8355712
-8355712
-8355712
-8355712
-8355712
-8355712
-8355712
-8355712
-8355712
-8355712
-8355712
-16777216
-1
-16777216
-1
-1
-1
-1
-1
-1
-8355712
-8355712
-1
-1
-1
-1
-1
-1
-16777216
-16777216
-1
-1
-1
-1
-16777216
-1
-1
-1
-1
-16777216
-1
-1
-1
-1
-16777216
-16777216
-1
-1
-1
-16777216
-1
-16777216
-1
-1
-16777216
-1
-16777216
-1
-1
-1
-16777216
-16777216
-1
-1
-1
-1
-1
-1
-1
-1
-1
-1
-1
-1
-1
-1
-16777216
-16777216
-1
-1
-1
-1
-1
-1
-1
-1
-1
-1
-1
-1
-1
-1
-16777216
-16777216
-1
-1
-1
-16777216
-1
-1
-1
-1
-1
-1
-16777216
-1
-1
-1
-16777216
-1
-16777216
-1
-1
-1
-16777216
-1
-1
-1
-1
-16777216
-1
-1
-1
-16777216
-1
-1
-16777216
-1
-1
-1
-1
-16777216
-16777216
-16777216
-16777216
-1
-1
-1
-1
-16777216
-1
-1
-1
-16777216
-1
-1
-1
-1
-1
-1
-1
-1
-1
-1
-16777216
-1
-1
-1
-1
-1
-16777216
-16777216
-1
-1
-1
-1
-1
-1
-16777216
-16777216
-1
-1
-1
-1
-1
-1
-1
-1
-16777216
-16777216
-16777216
-16777216
-16777216
-16777216
-1
-1
-1
-1
-1

.A.
4
parede
0
88
0
0
-1
-8355712
-8355712
-8355712
-8355712
-8355712
-8355712
-8355712
-8355712
-8355712
-8355712
-8355712
-8355712
-8355712
-8355712
-1
-8355712
-8355712
-1
-1
-1
-1
-1
-1
-1
-1
-1
-1
-1
-1
-8355712
-8355712
-8355712
-1
-8355712
-1
-8355712
-1
-8355712
-1
-8355712
-1
-8355712
-1
-8355712
-1
-1
-8355712
-8355712
-1
-1
-8355712
-1
-8355712
-1
-8355712
-1
-8355712
-1
-8355712
-1
-8355712
-1
-8355712
-8355712
-1
-8355712
-1
-8355712
-1
-8355712
-1
-8355712
-1
-8355712
-1
-8355712
-1
-1
-8355712
-8355712
-1
-1
-8355712
-1
-8355712
-1
-8355712
-1
-8355712
-1
-8355712
-1
-8355712
-1
-8355712
-8355712
-1
-8355712
-1
-8355712
-1
-8355712
-1
-8355712
-1
-8355712
-1
-8355712
-1
-1
-8355712
-8355712
-1
-1
-8355712
-1
-8355712
-1
-8355712
-1
-8355712
-1
-8355712
-1
-8355712
-1
-8355712
-8355712
-1
-8355712
-1
-8355712
-1
-8355712
-1
-8355712
-1
-8355712
-1
-8355712
-1
-1
-8355712
-8355712
-1
-1
-8355712
-1
-8355712
-1
-8355712
-1
-8355712
-1
-8355712
-1
-8355712
-1
-8355712
-8355712
-1
-8355712
-1
-8355712
-1
-8355712
-1
-8355712
-1
-8355712
-1
-8355712
-1
-1
-8355712
-8355712
-1
-1
-8355712
-1
-8355712
-1
-8355712
-1
-8355712
-1
-8355712
-1
-8355712
-1
-8355712
-8355712
-1
-8355712
-1
-8355712
-1
-8355712
-1
-8355712
-1
-8355712
-1
-8355712
-1
-1
-8355712
-8355712
-1
-1
-8355712
-1
-8355712
-1
-8355712
-1
-8355712
-1
-8355712
-1
-8355712
-1
-8355712
-8355712
-8355712
-1
-1
-1
-1
-1
-1
-1
-1
-1
-1
-1
-1
-8355712
-8355712
-1
-8355712
-8355712
-8355712
-8355712
-8355712
-8355712
-8355712
-8355712
-8355712
-8355712
-8355712
-8355712
-8355712
-8355712
-1

.A.
5
pessoa_infectada_permanente_sem_sintomas
0
2
0
0
-1
-1
-1
-1
-1
-16777216
-16777216
-16777216
-16777216
-16777216
-16777216
-1
-1
-1
-1
-1
-1
-1
-1
-16777216
-16777216
-65281
-65281
-65281
-65281
-65281
-65281
-16777216
-16777216
-1
-1
-1
-1
-1
-16777216
-65281
-65281
-65281
-65281
-65281
-65281
-65281
-65281
-65281
-65281
-16777216
-1
-1
-1
-16777216
-65281
-65281
-65281
-65281
-65281
-65281
-65281
-65281
-65281
-65281
-65281
-65281
-16777216
-1
-1
-16777216
-65281
-65281
-65281
-65281
-65281
-65281
-65281
-65281
-65281
-65281
-65281
-65281
-16777216
-1
-16777216
-65281
-65281
-65281
-65281
-16777216
-65281
-65281
-65281
-65281
-16777216
-65281
-65281
-65281
-65281
-16777216
-16777216
-65281
-65281
-65281
-16777216
-20561
-16777216
-65281
-65281
-16777216
-20561
-16777216
-65281
-65281
-65281
-16777216
-16777216
-65281
-65281
-65281
-20561
-65281
-20561
-65281
-65281
-20561
-65281
-20561
-65281
-65281
-65281
-16777216
-16777216
-65281
-65281
-65281
-65281
-65281
-65281
-65281
-65281
-65281
-65281
-65281
-65281
-65281
-65281
-16777216
-16777216
-65281
-65281
-65281
-16777216
-65281
-65281
-65281
-65281
-65281
-65281
-16777216
-65281
-65281
-65281
-16777216
-16777216
-65281
-65281
-65281
-20561
-16777216
-65281
-65281
-65281
-65281
-16777216
-20561
-65281
-65281
-65281
-16777216
-1
-16777216
-65281
-65281
-65281
-20561
-16777216
-16777216
-16777216
-16777216
-20561
-65281
-65281
-65281
-16777216
-1
-1
-16777216
-65281
-65281
-65281
-65281
-20561
-20561
-20561
-20561
-65281
-65281
-65281
-65281
-16777216
-1
-1
-1
-16777216
-65281
-65281
-65281
-65281
-65281
-65281
-65281
-65281
-65281
-65281
-16777216
-1
-1
-1
-1
-1
-16777216
-16777216
-65281
-65281
-65281
-65281
-65281
-65281
-16777216
-16777216
-1
-1
-1
-1
-1
-1
-1
-1
-16777216
-16777216
-16777216
-16777216
-16777216
-16777216
-1
-1
-1
-1
-1

.A.
6
pessoa_infectada
25
0
0
0
-1
-1
-1
-1
-1
-16777216
-16777216
-16777216
-16777216
-16777216
-16777216
-1
-1
-1
-1
-1
-1
-1
-1
-16777216
-16777216
-14336
-16711936
-14336
-16711936
-14336
-16711936
-16777216
-16777216
-1
-1
-1
-1
-1
-16777216
-16711936
-14336
-16711936
-14336
-16711936
-14336
-16711936
-14336
-16711936
-14336
-16777216
-1
-1
-1
-16777216
-16711936
-14336
-16711936
-14336
-16711936
-14336
-16711936
-14336
-16711936
-14336
-16711936
-14336
-16777216
-1
-1
-16777216
-14336
-16711936
-14336
-16711936
-14336
-16711936
-14336
-16711936
-14336
-16711936
-14336
-16711936
-16777216
-1
-16777216
-14336
-16711936
-14336
-16777216
-16777216
-16777216
-14336
-16711936
-16777216
-16777216
-16777216
-16711936
-14336
-16711936
-16777216
-16777216
-16711936
-14336
-16711936
-14336
-16711936
-14336
-16711936
-14336
-16711936
-14336
-16711936
-14336
-16711936
-14336
-16777216
-16777216
-14336
-16711936
-14336
-16711936
-14336
-16711936
-14336
-16711936
-14336
-16711936
-14336
-16711936
-14336
-16711936
-16777216
-16777216
-16711936
-14336
-16711936
-14336
-16711936
-14336
-16711936
-14336
-16711936
-14336
-16711936
-14336
-16711936
-14336
-16777216
-16777216
-14336
-16711936
-14336
-16711936
-14336
-16777216
-16777216
-16777216
-16777216
-16711936
-14336
-16711936
-14336
-16711936
-16777216
-16777216
-16711936
-14336
-16711936
-16711936
-16777216
-14336
-16711936
-14336
-16711936
-16777216
-16711936
-14336
-16711936
-14336
-16777216
-1
-16777216
-16711936
-14336
-16777216
-14336
-16711936
-14336
-16711936
-14336
-16711936
-16777216
-16711936
-14336
-16777216
-1
-1
-16777216
-14336
-16711936
-14336
-16711936
-14336
-16711936
-14336
-16711936
-14336
-16711936
-14336
-16711936
-16777216
-1
-1
-1
-16777216
-14336
-16711936
-14336
-16711936
-14336
-16711936
-14336
-16711936
-14336
-16711936
-16777216
-1
-1
-1
-1
-1
-16777216
-16777216
-16711936
-14336
-16711936
-14336
-16711936
-14336
-16777216
-16777216
-1
-1
-1
-1
-1
-1
-1
-1
-16777216
-16777216
-16777216
-16777216
-16777216
-16777216
-1
-1
-1
-1
-1

.A.
7
pessoa_em_tratamento
0
0
0
0
-1
-1
-1
-1
-1
-16777216
-16777216
-16777216
-16777216
-16777216
-16777216
-1
-1
-1
-1
-1
-1
-1
-1
-16777216
-16777216
-14336
-16711936
-14336
-16711936
-14336
-16711936
-16777216
-16777216
-1
-1
-1
-1
-1
-16777216
-16711936
-14336
-16711936
-14336
-16711936
-14336
-16711936
-14336
-16711936
-14336
-16777216
-1
-1
-1
-16777216
-16711936
-14336
-16711936
-14336
-16711936
-14336
-16711936
-14336
-16711936
-14336
-16711936
-14336
-16777216
-1
-1
-16777216
-14336
-16711936
-14336
-16777216
-14336
-16711936
-14336
-16711936
-16777216
-16711936
-14336
-16711936
-16777216
-1
-16777216
-14336
-16711936
-14336
-16711936
-16777216
-16711936
-14336
-16711936
-14336
-16777216
-14336
-16711936
-14336
-16711936
-16777216
-16777216
-16711936
-14336
-16711936
-14336
-16777216
-14336
-16711936
-14336
-16711936
-16777216
-16711936
-14336
-16711936
-14336
-16777216
-16777216
-14336
-16711936
-14336
-16711936
-14336
-16711936
-14336
-16711936
-14336
-16711936
-14336
-16711936
-14336
-16711936
-16777216
-16777216
-16711936
-14336
-16711936
-14336
-16711936
-14336
-16711936
-14336
-16711936
-14336
-16711936
-14336
-16711936
-14336
-16777216
-16777216
-14336
-16711936
-14336
-16711936
-14336
-16711936
-14336
-16711936
-14336
-16711936
-14336
-16711936
-14336
-16711936
-16777216
-16777216
-16711936
-14336
-16711936
-16777216
-16777216
-16777216
-16777216
-16777216
-16777216
-16777216
-16777216
-14336
-16711936
-14336
-16777216
-1
-16777216
-16711936
-14336
-16711936
-14336
-16711936
-14336
-16711936
-14336
-16711936
-14336
-16711936
-14336
-16777216
-1
-1
-16777216
-14336
-16711936
-14336
-16711936
-14336
-16711936
-14336
-16711936
-14336
-16711936
-14336
-16711936
-16777216
-1
-1
-1
-16777216
-14336
-16711936
-14336
-16711936
-14336
-16711936
-14336
-16711936
-14336
-16711936
-16777216
-1
-1
-1
-1
-1
-16777216
-16777216
-16711936
-14336
-16711936
-14336
-16711936
-14336
-16777216
-16777216
-1
-1
-1
-1
-1
-1
-1
-1
-16777216
-16777216
-16777216
-16777216
-16777216
-16777216
-1
-1
-1
-1
-1

.A.
8
pessoa_infectada_sem_sintomas
0
0
0
0
-1
-1
-1
-1
-1
-16777216
-16777216
-16777216
-16777216
-16777216
-16777216
-1
-1
-1
-1
-1
-1
-1
-1
-16777216
-16777216
-14336
-16711936
-14336
-16711936
-14336
-16711936
-16777216
-16777216
-1
-1
-1
-1
-1
-16777216
-16711936
-14336
-16711936
-14336
-16711936
-14336
-16711936
-14336
-16711936
-14336
-16777216
-1
-1
-1
-16777216
-16711936
-14336
-16711936
-14336
-16711936
-14336
-16711936
-14336
-16711936
-14336
-16711936
-14336
-16777216
-1
-1
-16777216
-14336
-16711936
-14336
-16711936
-14336
-16711936
-14336
-16711936
-16711936
-16711936
-14336
-16711936
-16777216
-1
-16777216
-14336
-16711936
-14336
-16711936
-16777216
-16711936
-14336
-16711936
-14336
-16777216
-14336
-16711936
-14336
-16711936
-16777216
-16777216
-16711936
-14336
-16711936
-16777216
-1
-16777216
-16711936
-14336
-16777216
-1
-16777216
-14336
-16711936
-14336
-16777216
-16777216
-14336
-16711936
-14336
-1
-14336
-1
-14336
-16711936
-1
-16711936
-1
-16711936
-14336
-16711936
-16777216
-16777216
-16711936
-14336
-16711936
-14336
-16711936
-14336
-16711936
-14336
-16711936
-14336
-16711936
-14336
-16711936
-14336
-16777216
-16777216
-14336
-16711936
-14336
-16777216
-14336
-16711936
-14336
-16711936
-14336
-16711936
-16777216
-16711936
-14336
-16711936
-16777216
-16777216
-16711936
-14336
-16711936
-1
-16777216
-14336
-16711936
-14336
-16711936
-16777216
-1
-14336
-16711936
-14336
-16777216
-1
-16777216
-16711936
-14336
-16711936
-1
-16777216
-16777216
-16777216
-16777216
-1
-14336
-16711936
-14336
-16777216
-1
-1
-16777216
-14336
-16711936
-14336
-16711936
-1
-1
-1
-1
-14336
-16711936
-14336
-16711936
-16777216
-1
-1
-1
-16777216
-14336
-16711936
-14336
-16711936
-14336
-16711936
-14336
-16711936
-14336
-16711936
-16777216
-1
-1
-1
-1
-1
-16777216
-16777216
-16711936
-14336
-16711936
-14336
-16711936
-14336
-16777216
-16777216
-1
-1
-1
-1
-1
-1
-1
-1
-16777216
-16777216
-16777216
-16777216
-16777216
-16777216
-1
-1
-1
-1
-1

.A.
9

0
0
0
0
-1
-1
-1
-1
-1
-1
-1
-1
-1
-1
-1
-1
-1
-1
-1
-1
-1
-1
-1
-1
-1
-1
-1
-1
-1
-1
-1
-1
-1
-1
-1
-1
-1
-1
-1
-1
-1
-1
-1
-1
-1
-1
-1
-1
-1
-1
-1
-1
-1
-1
-1
-1
-1
-1
-1
-1
-1
-1
-1
-1
-1
-1
-1
-1
-1
-1
-1
-1
-1
-1
-1
-1
-1
-1
-1
-1
-1
-1
-1
-1
-1
-1
-1
-1
-1
-1
-1
-1
-1
-1
-1
-1
-1
-1
-1
-1
-1
-1
-1
-1
-1
-1
-1
-1
-1
-1
-1
-1
-1
-1
-1
-1
-1
-1
-1
-1
-1
-1
-1
-1
-1
-1
-1
-1
-1
-1
-1
-1
-1
-1
-1
-1
-1
-1
-1
-1
-1
-1
-1
-1
-1
-1
-1
-1
-1
-1
-1
-1
-1
-1
-1
-1
-1
-1
-1
-1
-1
-1
-1
-1
-1
-1
-1
-1
-1
-1
-1
-1
-1
-1
-1
-1
-1
-1
-1
-1
-1
-1
-1
-1
-1
-1
-1
-1
-1
-1
-1
-1
-1
-1
-1
-1
-1
-1
-1
-1
-1
-1
-1
-1
-1
-1
-1
-1
-1
-1
-1
-1
-1
-1
-1
-1
-1
-1
-1
-1
-1
-1
-1
-1
-1
-1
-1
-1
-1
-1
-1
-1
-1
-1
-1
-1
-1
-1
-1
-1
-1
-1
-1
-1
-1
-1
-1
-1
-1
-1
-1
-1
-1
-1
-1
-1
-1
-1
-1
-1

.V.
sim
int
1

.V.
quantidade_infeccoes
int
0

.V.
quantidade_curas
int
0

.V.
quantidade_ocorrencias_imunidade_baixa
int
0

.V.

int
0

.P.


.C.
pessoa_saudavel
1
sim=1
movimento_randomico()


5

.C.
pessoa_baixa_imunidade
2
sim=1
movimento_randomico()


5

.C.
pessoa_saudavel
3
atinge_vida_adulta((int)(Math.random()*100)+20)
reproduz(1,pessoa_baixa_imunidade)&&morte()

quantidade_ocorrencias_imunidade_baixa=quantidade_ocorrencias_imunidade_baixa+1
0

.C.
pessoa_baixa_imunidade
4
atinge_vida_adulta(5)
reproduz(1,pessoa_saudavel)&&morte()


0

.C.
pessoa_infectada_permanente_sem_sintomas
5
sim=1
movimento_randomico()


2

.C.
pessoa_baixa_imunidade
6
atinge_agente(pessoa_infectada_permanente_sem_sintomas)
reproduz(1,pessoa_infectada_sem_sintomas)&&morte()

quantidade_infeccoes=quantidade_infeccoes+1
1

.C.
pessoa_infectada
7
sim=1
segue_agente(medico)


2

.C.
pessoa_em_tratamento
8
sim=1
movimento_randomico()


2

.C.
pessoa_infectada
9
atinge_agente(medico)
reproduz(1,pessoa_em_tratamento)&&morte()


1

.C.
pessoa_em_tratamento
10
atinge_vida_adulta(15)
reproduz(1,pessoa_saudavel)&&morte()

quantidade_curas=quantidade_curas+1
1

.C.
pessoa_baixa_imunidade
11
atinge_agente(pessoa_infectada)
reproduz(1,pessoa_infectada_sem_sintomas)&&morte()

quantidade_infeccoes=quantidade_infeccoes+1
2

.C.
pessoa_baixa_imunidade
12
atinge_agente(pessoa_infectada_sem_sintomas)
reproduz(1,pessoa_infectada_sem_sintomas)&&morte()

quantidade_infeccoes=quantidade_infeccoes+1
3

.C.
pessoa_baixa_imunidade
13
atinge_agente(pessoa_em_tratamento)
reproduz(1,pessoa_infectada_sem_sintomas)&&morte()

quantidade_infeccoes=quantidade_infeccoes+1
4

.C.
pessoa_infectada_sem_sintomas
14
sim=1
movimento_randomico()


1

.C.
pessoa_infectada_sem_sintomas
15
atinge_vida_adulta(10)
reproduz(1,pessoa_infectada)&&morte()


0

.D.
medico
1
13
13

.D.
parede
1
18
25

.D.
parede
2
1
8

.D.
parede
3
2
8

.D.
parede
4
3
8

.D.
parede
5
4
8

.D.
parede
6
5
8

.D.
parede
7
6
8

.D.
parede
8
8
8

.D.
parede
9
9
8

.D.
parede
10
10
8

.D.
parede
11
11
8

.D.
parede
12
12
8

.D.
parede
13
14
8

.D.
parede
14
15
8

.D.
parede
15
16
8

.D.
parede
16
17
8

.D.
parede
17
18
8

.D.
parede
18
20
8

.D.
parede
19
21
8

.D.
parede
20
22
8

.D.
parede
21
23
8

.D.
parede
22
24
8

.D.
parede
23
25
8

.D.
parede
24
1
18

.D.
parede
25
2
18

.D.
parede
26
3
18

.D.
parede
27
4
18

.D.
parede
28
5
18

.D.
parede
29
6
18

.D.
parede
30
8
18

.D.
parede
31
9
18

.D.
parede
32
10
18

.D.
parede
33
11
18

.D.
parede
34
12
18

.D.
parede
35
14
18

.D.
parede
36
15
18

.D.
parede
37
16
18

.D.
parede
38
17
18

.D.
parede
39
18
18

.D.
parede
40
20
18

.D.
parede
41
21
18

.D.
parede
42
22
18

.D.
parede
43
23
18

.D.
parede
44
24
18

.D.
parede
45
25
18

.D.
parede
46
8
1

.D.
parede
47
8
2

.D.
parede
48
8
3

.D.
parede
49
8
4

.D.
parede
50
8
5

.D.
parede
51
8
6

.D.
parede
52
8
8

.D.
parede
53
8
9

.D.
parede
54
8
10

.D.
parede
55
8
11

.D.
parede
56
8
12

.D.
parede
57
8
14

.D.
parede
58
8
15

.D.
parede
59
8
16

.D.
parede
60
8
17

.D.
parede
61
8
18

.D.
parede
62
8
20

.D.
parede
63
8
21

.D.
parede
64
8
22

.D.
parede
65
8
23

.D.
parede
66
8
24

.D.
parede
67
8
25

.D.
parede
68
18
1

.D.
parede
69
18
2

.D.
parede
70
18
3

.D.
parede
71
18
4

.D.
parede
72
18
5

.D.
parede
73
18
6

.D.
parede
74
18
8

.D.
parede
75
18
9

.D.
parede
76
18
10

.D.
parede
77
18
11

.D.
parede
78
18
12

.D.
parede
79
18
14

.D.
parede
80
18
15

.D.
parede
81
18
16

.D.
parede
82
18
17

.D.
parede
83
18
18

.D.
parede
84
18
20

.D.
parede
85
18
21

.D.
parede
86
18
22

.D.
parede
87
18
23

.D.
parede
88
18
24

.D.
parede
89
18
25

.D.
pessoa_saudavel
1
2
2

.D.
pessoa_saudavel
2
4
2

.D.
pessoa_saudavel
3
6
2

.D.
pessoa_saudavel
4
2
4

.D.
pessoa_saudavel
5
4
4

.D.
pessoa_saudavel
6
2
6

.D.
pessoa_saudavel
7
24
24

.D.
pessoa_saudavel
8
24
22

.D.
pessoa_saudavel
9
24
20

.D.
pessoa_saudavel
10
22
24

.D.
pessoa_saudavel
11
22
22

.D.
pessoa_saudavel
12
20
24

.D.
pessoa_saudavel
13
2
24

.D.
pessoa_saudavel
14
4
24

.D.
pessoa_saudavel
15
6
24

.D.
pessoa_saudavel
16
2
22

.D.
pessoa_saudavel
17
4
22

.D.
pessoa_saudavel
18
2
20

.D.
pessoa_saudavel
19
24
2

.D.
pessoa_saudavel
20
22
2

.D.
pessoa_saudavel
21
20
2

.D.
pessoa_saudavel
22
24
4

.D.
pessoa_saudavel
23
22
4

.D.
pessoa_saudavel
24
24
6

.D.
pessoa_saudavel
25
10
2

.D.
pessoa_saudavel
26
12
2

.D.
pessoa_saudavel
27
14
2

.D.
pessoa_saudavel
28
16
2

.D.
pessoa_saudavel
29
10
24

.D.
pessoa_saudavel
30
12
24

.D.
pessoa_saudavel
31
14
24

.D.
pessoa_saudavel
32
16
24

.D.
pessoa_saudavel
33
2
10

.D.
pessoa_saudavel
34
2
12

.D.
pessoa_saudavel
35
2
14

.D.
pessoa_saudavel
36
2
16

.D.
pessoa_saudavel
37
24
10

.D.
pessoa_saudavel
38
24
12

.D.
pessoa_saudavel
39
24
14

.D.
pessoa_saudavel
40
24
16

.D.

0
0
0

.M.
25
25
